C:\Python27\python.exe "C:/Users/Baruch Makro/Downloads/Studies/Workshop_predict_telomere_length/RandomForestClassifier.py"
Create a dataframe with the feature variables
[ 0.          0.00145773  0.00218659  0.00218659  0.00218659  0.00218659
  0.0138484   0.0138484   0.0138484   0.0138484   0.0335277   0.0335277
  0.0335277   0.0335277   0.0335277   0.0335277   0.04810496  0.04810496
  0.04883382  0.04956268  0.04956268  0.04956268  0.05029155  0.05247813
  0.05247813  0.06778426  0.06851312  0.06851312  0.07069971  0.07069971
  0.07069971  0.07069971  0.07215743  0.10276968  0.10276968  0.10349854
  0.10422741  0.10714286  0.10787172  0.10787172  0.15014577  0.15087464
  0.15306122  0.15306122  0.15379009  0.15524781  0.15670554  0.26530612
  0.26603499  0.2696793   0.27405248  0.27405248  0.27769679  0.27842566
  0.27842566  0.27988338  0.2835277   0.28571429  0.28644315  0.47959184
  0.48104956  0.48396501  0.4941691   0.49489796  0.5         0.50145773
  0.50291545  0.78571429  0.79008746  0.79883382  0.80174927  0.80247813
  0.80393586  1.        ] [ 0.          0.07251462  0.07602339  0.07953216  0.08187135  0.08304094
  0.27368421  0.2748538   0.28070175  0.28304094  0.49473684  0.49590643
  0.4994152   0.50175439  0.50643275  0.50760234  0.67251462  0.67719298
  0.67719298  0.67836257  0.68070175  0.68187135  0.6877193   0.69005848
  0.69122807  0.79298246  0.79298246  0.79532164  0.79766082  0.79883041
  0.80350877  0.80467836  0.80467836  0.8502924   0.85146199  0.85614035
  0.85614035  0.85614035  0.85614035  0.85730994  0.8877193   0.88888889
  0.89005848  0.89356725  0.89356725  0.89356725  0.89356725  0.9122807
  0.9122807   0.91345029  0.91461988  0.91578947  0.91578947  0.91578947
  0.91695906  0.91695906  0.91812865  0.92046784  0.92046784  0.94035088
  0.94035088  0.94035088  0.94269006  0.94269006  0.94269006  0.94269006
  0.94269006  0.97660819  0.97660819  0.97894737  0.97894737  0.97894737
  0.97894737  1.        ]
[ 0.          0.0028551   0.0028551   0.0028551   0.01427552  0.01498929
  0.01498929  0.01498929  0.01570307  0.01570307  0.01570307  0.02640971
  0.02640971  0.02640971  0.02640971  0.02640971  0.02712348  0.02712348
  0.02712348  0.02712348  0.04639543  0.04639543  0.04710921  0.04782298
  0.04853676  0.04925054  0.04925054  0.0620985   0.0620985   0.06281228
  0.06423983  0.06423983  0.06566738  0.06566738  0.06780871  0.06780871
  0.06995004  0.06995004  0.07066381  0.08850821  0.08922198  0.08993576
  0.09136331  0.09279086  0.09421842  0.09421842  0.09564597  0.1448965
  0.14561028  0.14703783  0.14846538  0.14917916  0.15060671  0.23982869
  0.24625268  0.25410421  0.25481799  0.25767309  0.25910064  0.25981442
  0.44539615  0.44825125  0.4496788   0.45182013  0.4525339   0.46181299
  0.46252677  0.46895075  0.4703783   0.4703783   0.76017131  0.76159886
  0.76374019  0.76516774  0.77373305  0.7751606   0.77587438  1.        ] [ 0.          0.07990315  0.08232446  0.08716707  0.27845036  0.27845036
  0.28087167  0.28208232  0.28692494  0.28813559  0.29297821  0.49878935
  0.5         0.50484262  0.51331719  0.51452785  0.5157385   0.51694915
  0.52179177  0.52300242  0.69007264  0.69128329  0.69128329  0.69249395
  0.69733656  0.69854722  0.69975787  0.77602906  0.77723971  0.77723971
  0.77723971  0.77966102  0.77966102  0.78087167  0.78692494  0.78813559
  0.7905569   0.79297821  0.79297821  0.82929782  0.83171913  0.83171913
  0.83171913  0.83414044  0.83414044  0.83535109  0.83535109  0.88256659
  0.88256659  0.88377724  0.88377724  0.88498789  0.88498789  0.90193705
  0.90193705  0.9031477   0.9031477   0.9031477   0.9031477   0.9031477
  0.937046    0.937046    0.93825666  0.93825666  0.93825666  0.94188862
  0.94188862  0.94188862  0.94188862  0.94430993  0.97215496  0.97215496
  0.97336562  0.97336562  0.97457627  0.97457627  0.97457627  1.        ]
[ 0.          0.00671642  0.00671642  0.00671642  0.00671642  0.02238806
  0.02238806  0.02238806  0.02313433  0.02313433  0.02313433  0.03432836
  0.03432836  0.03507463  0.0358209   0.0358209   0.0358209   0.0358209
  0.03731343  0.04552239  0.04552239  0.04701493  0.04701493  0.04701493
  0.04701493  0.04701493  0.05746269  0.05895522  0.0619403   0.0619403
  0.0619403   0.0619403   0.07985075  0.08208955  0.08208955  0.08208955
  0.08358209  0.08432836  0.08432836  0.12761194  0.12835821  0.13059701
  0.13208955  0.13283582  0.13358209  0.13358209  0.21940299  0.22014925
  0.22313433  0.22835821  0.22910448  0.23059701  0.23208955  0.23358209
  0.44402985  0.44701493  0.44776119  0.45895522  0.46343284  0.46641791
  0.46716418  0.7619403   0.7641791   0.76567164  0.77164179  0.77238806
  0.7738806   0.77537313  1.        ] [ 0.          0.06884876  0.07336343  0.07674944  0.0778781   0.2731377
  0.27426637  0.2765237   0.28216704  0.28555305  0.28893905  0.50451467
  0.50677201  0.50677201  0.51918736  0.52031603  0.52257336  0.52370203
  0.5248307   0.7020316   0.70316027  0.70541761  0.70767494  0.71106095
  0.71331828  0.71444695  0.78442438  0.78442438  0.78442438  0.78555305
  0.79006772  0.79119639  0.83295711  0.83295711  0.83521445  0.83634312
  0.83634312  0.83747178  0.83972912  0.86568849  0.86568849  0.86681716
  0.86681716  0.87133183  0.87133183  0.8724605   0.90406321  0.90406321
  0.90519187  0.90632054  0.90632054  0.90632054  0.90857788  0.90857788
  0.94808126  0.95146727  0.95146727  0.95146727  0.95146727  0.95146727
  0.95146727  0.97629797  0.97629797  0.97629797  0.97629797  0.97629797
  0.97742664  0.97742664  1.        ]
[ 0.          0.00218978  0.00218978  0.01167883  0.01167883  0.01167883
  0.01167883  0.01240876  0.01240876  0.01313869  0.01313869  0.01386861
  0.0379562   0.03868613  0.03868613  0.03868613  0.03941606  0.03941606
  0.03941606  0.03941606  0.03941606  0.03941606  0.05328467  0.05328467
  0.0540146   0.05474453  0.05474453  0.05474453  0.05547445  0.05547445
  0.05620438  0.07153285  0.0729927   0.07372263  0.07518248  0.07664234
  0.07810219  0.07883212  0.10072993  0.10072993  0.10072993  0.10218978
  0.10364964  0.13868613  0.13941606  0.14087591  0.14087591  0.14379562
  0.1459854   0.1459854   0.24452555  0.24452555  0.24525547  0.24671533
  0.24890511  0.24963504  0.25474453  0.25547445  0.25766423  0.25912409
  0.26058394  0.45693431  0.45766423  0.45766423  0.46350365  0.46423358
  0.47153285  0.47226277  0.47445255  0.47737226  0.47810219  0.76934307
  0.77080292  0.77445255  0.78029197  0.78175182  0.78394161  0.78540146
  1.        ] [ 0.          0.08411215  0.08878505  0.27453271  0.27686916  0.27920561
  0.28271028  0.29088785  0.29205607  0.29205607  0.2932243   0.29439252
  0.5046729   0.5046729   0.50584112  0.50817757  0.51168224  0.51285047
  0.52102804  0.52219626  0.52453271  0.52570093  0.67172897  0.6728972
  0.67406542  0.67640187  0.67757009  0.68224299  0.68224299  0.68457944
  0.68457944  0.77920561  0.77920561  0.78154206  0.78154206  0.78271028
  0.78271028  0.78271028  0.83528037  0.8364486   0.83878505  0.83995327
  0.83995327  0.86448598  0.86448598  0.86448598  0.86565421  0.86682243
  0.8703271   0.87149533  0.90654206  0.9088785   0.9088785   0.9088785
  0.9088785   0.9088785   0.91121495  0.91121495  0.91121495  0.91121495
  0.91121495  0.93691589  0.93691589  0.93808411  0.93925234  0.93925234
  0.94042056  0.94042056  0.94042056  0.94042056  0.94042056  0.97663551
  0.97663551  0.97663551  0.97663551  0.97663551  0.97663551  0.97663551
  1.        ]
[ 0.          0.00297841  0.00297841  0.00297841  0.00372301  0.01340283
  0.01340283  0.01340283  0.01340283  0.01340283  0.01340283  0.01414743
  0.02680566  0.02680566  0.02680566  0.02680566  0.02680566  0.02680566
  0.02829486  0.02829486  0.02829486  0.03946389  0.03946389  0.04020849
  0.04020849  0.04244229  0.0431869   0.0439315   0.06105733  0.06105733
  0.06254654  0.06254654  0.06254654  0.08562919  0.08562919  0.08637379
  0.08637379  0.08786299  0.08860759  0.09456441  0.09679821  0.14221891
  0.14296351  0.14594192  0.15040953  0.15264334  0.15338794  0.24497394
  0.24646314  0.24869695  0.25018615  0.25688757  0.25986597  0.26209978
  0.26284438  0.44825019  0.44973939  0.45048399  0.4549516   0.4564408
  0.46314222  0.46909903  0.47133284  0.47133284  0.47207744  0.75874907
  0.75949367  0.76545048  0.76619509  0.7721519   0.77587491  0.77736411
  1.        ] [ 0.          0.07587769  0.0781427   0.08267271  0.08720272  0.26727067
  0.27066818  0.27406569  0.2808607   0.28539071  0.28765572  0.28765572
  0.50622877  0.51075878  0.51415629  0.51528879  0.52774632  0.53001133
  0.53454134  0.53680634  0.53793884  0.71347678  0.71460929  0.71574179
  0.71687429  0.72253681  0.72253681  0.72366931  0.80407701  0.80520951
  0.80634202  0.80747452  0.80973952  0.84824462  0.84937712  0.84937712
  0.85164213  0.85164213  0.85164213  0.85503964  0.85503964  0.88335221
  0.88335221  0.88561721  0.88561721  0.88674972  0.88674972  0.91279728
  0.91279728  0.91279728  0.91392978  0.91392978  0.91619479  0.9184598
  0.9184598   0.94337486  0.94337486  0.94337486  0.94337486  0.94337486
  0.94450736  0.94450736  0.94563986  0.94677237  0.94677237  0.98301246
  0.98414496  0.98414496  0.98414496  0.98527746  0.98640997  0.98640997
  1.        ]
AUC of RandomForestClassifier: 0.912412733529
***************** only age and gender ********************
[ 0.          0.00145773  0.00218659  0.00510204  0.00510204  0.00655977
  0.01093294  0.01239067  0.02186589  0.02259475  0.02988338  0.0335277
  0.03571429  0.04300292  0.04446064  0.05466472  0.06705539  0.06851312
  0.07434402  0.07653061  0.08746356  0.09329446  0.09766764  0.10641399
  0.11370262  0.11588921  0.12536443  0.12827988  0.14723032  0.16180758
  0.16982507  0.17201166  0.18075802  0.18148688  0.19314869  0.19897959
  0.20772595  0.21137026  0.22157434  0.22667638  0.23250729  0.24344023
  0.2441691   0.25947522  0.26166181  0.26311953  0.27696793  0.2835277
  0.28571429  0.29008746  0.30247813  0.30539359  0.30685131  0.30758017
  0.31851312  0.33236152  0.34329446  0.35641399  0.3622449   0.36443149
  0.37026239  0.38119534  0.39212828  0.40451895  0.41472303  0.42638484
  0.43950437  0.446793    0.46282799  0.47376093  0.47959184  0.48833819
  0.50072886  0.51020408  0.5196793   0.54008746  0.54810496  0.55247813
  0.55976676  0.56632653  0.57580175  0.58600583  0.5983965   0.60422741
  0.6180758   0.62463557  0.63848397  0.64941691  0.67346939  0.68440233
  0.68731778  0.69897959  0.70262391  0.7048105   0.70699708  0.7244898
  0.73542274  0.73979592  0.74562682  0.74927114  0.76603499  0.77040816
  0.7835277   0.7951895   0.80247813  0.80612245  0.80830904  0.81924198
  0.8287172   0.83819242  0.85349854  0.85495627  0.86297376  0.86370262
  0.87099125  0.87463557  0.88265306  0.89577259  0.90379009  0.90816327
  0.9154519   0.9212828   0.92346939  0.92930029  0.93075802  0.93877551
  0.93950437  0.94023324  0.94970845  0.95043732  0.95626822  0.95772595
  0.96282799  0.96355685  0.96501458  0.97667638  0.97959184  0.98396501
  0.98906706  0.99344023  0.99489796  1.        ] [ 0.          0.00350877  0.00467836  0.00467836  0.00584795  0.00701754
  0.0128655   0.01403509  0.02339181  0.03625731  0.04795322  0.04795322
  0.05380117  0.0619883   0.06432749  0.07251462  0.08888889  0.09005848
  0.10292398  0.10526316  0.12631579  0.14035088  0.14619883  0.15672515
  0.16608187  0.17192982  0.18596491  0.19298246  0.20701754  0.22222222
  0.23859649  0.24327485  0.25380117  0.25964912  0.28654971  0.29707602
  0.3122807   0.31345029  0.33099415  0.33216374  0.34269006  0.36140351
  0.36374269  0.38011696  0.38479532  0.38947368  0.4         0.41403509
  0.41403509  0.42222222  0.43976608  0.43976608  0.43976608  0.43976608
  0.44678363  0.45847953  0.46900585  0.47719298  0.48070175  0.48187135
  0.49005848  0.4994152   0.51929825  0.53216374  0.53684211  0.55672515
  0.5754386   0.58479532  0.6         0.60584795  0.60701754  0.6128655
  0.62222222  0.63274854  0.64795322  0.67134503  0.67602339  0.67953216
  0.68304094  0.69122807  0.69824561  0.70877193  0.72280702  0.72865497
  0.73684211  0.74035088  0.75087719  0.75672515  0.76725146  0.77660819
  0.78479532  0.79181287  0.8         0.80116959  0.80116959  0.81871345
  0.82690058  0.82923977  0.83157895  0.84093567  0.84912281  0.85263158
  0.86900585  0.87836257  0.88187135  0.88538012  0.88538012  0.89473684
  0.89590643  0.90526316  0.90877193  0.90994152  0.9122807   0.91345029
  0.91695906  0.91812865  0.92397661  0.93450292  0.94152047  0.94385965
  0.95087719  0.95438596  0.95672515  0.95789474  0.96023392  0.96725146
  0.96725146  0.96959064  0.9754386   0.9754386   0.98011696  0.98362573
  0.98479532  0.98479532  0.98479532  0.99181287  0.99298246  0.99532164
  0.99532164  1.          1.          1.        ]
[ 0.          0.0028551   0.00713776  0.00713776  0.00713776  0.00927909
  0.00999286  0.00999286  0.01927195  0.02284083  0.02855103  0.04211278
  0.04639543  0.04853676  0.05353319  0.05424697  0.05424697  0.05852962
  0.06352605  0.06638116  0.07637402  0.08351178  0.08922198  0.1006424
  0.11277659  0.11563169  0.12276945  0.12562455  0.12776588  0.13561742
  0.1391863   0.1420414   0.14561028  0.15488936  0.16345468  0.17344754
  0.18129907  0.19414704  0.19985724  0.20556745  0.21413276  0.22912206
  0.23554604  0.24411135  0.24696645  0.25124911  0.2633833   0.27266238
  0.27765882  0.29478944  0.30692363  0.3076374   0.31120628  0.32405425
  0.33904354  0.34189864  0.34546752  0.3640257   0.36616702  0.37330478
  0.37830121  0.38829408  0.40471092  0.41327623  0.42255532  0.43326196
  0.44610992  0.46181299  0.47251963  0.48465382  0.49678801  0.50107066
  0.51320485  0.52177016  0.5324768   0.53961456  0.54461099  0.54960742
  0.55531763  0.56174161  0.5738758   0.58386867  0.58600999  0.58743754
  0.59957173  0.61313348  0.62526767  0.62526767  0.63169165  0.64168451
  0.64239829  0.65810136  0.66952177  0.6716631   0.67880086  0.69593148
  0.70092791  0.70735189  0.7159172   0.71734475  0.73733048  0.74161313
  0.75017844  0.7544611   0.76802284  0.77658815  0.7958601   0.81299072
  0.82226981  0.83511777  0.83868665  0.84296931  0.84582441  0.85653105
  0.85653105  0.87437545  0.87651677  0.88650964  0.88650964  0.88936474
  0.89221984  0.90007138  0.90506781  0.90863669  0.9143469   0.917202
  0.92148465  0.92291221  0.93004996  0.93576017  0.94218415  0.95431834
  0.9614561   0.96431121  0.96431121  0.96859386  0.97216274  0.97715917
  0.9821556   0.98572448  0.98857959  0.99072091  0.99143469  1.        ] [ 0.          0.00121065  0.00968523  0.01210654  0.01694915  0.01937046
  0.02421308  0.02542373  0.03510896  0.04237288  0.05326877  0.07263923
  0.07506053  0.07627119  0.0811138   0.08474576  0.08595642  0.09079903
  0.10048426  0.10653753  0.12227603  0.13075061  0.13559322  0.14769976
  0.16464891  0.16828087  0.18159806  0.18765133  0.18886199  0.19854722
  0.20581114  0.2094431   0.21791768  0.22760291  0.2433414   0.26150121
  0.2748184   0.30387409  0.30750605  0.31234867  0.32687651  0.3401937
  0.34866828  0.36924939  0.3716707   0.38014528  0.39588378  0.40435835
  0.40556901  0.42251816  0.42857143  0.42978208  0.4346247   0.44430993
  0.45399516  0.45762712  0.46731235  0.48184019  0.48184019  0.49515738
  0.50726392  0.51937046  0.52905569  0.53631961  0.5496368   0.56174334
  0.5811138   0.59443099  0.60048426  0.61501211  0.62106538  0.62227603
  0.63196126  0.6440678   0.65012107  0.65738499  0.66101695  0.66707022
  0.66949153  0.67312349  0.68280872  0.69491525  0.69612591  0.69854722
  0.70702179  0.71186441  0.71912833  0.72154964  0.7251816   0.73365617
  0.73486683  0.74576271  0.75786925  0.7590799   0.76150121  0.78329298
  0.78571429  0.78934625  0.79176755  0.79297821  0.80266344  0.80508475
  0.81961259  0.82324455  0.82687651  0.84382567  0.84987893  0.86440678
  0.87046005  0.88014528  0.88377724  0.88861985  0.89104116  0.90556901
  0.90677966  0.92251816  0.92372881  0.92736077  0.92857143  0.93220339
  0.93220339  0.937046    0.93825666  0.94309927  0.94673123  0.94794189
  0.95157385  0.95399516  0.96004843  0.96731235  0.97094431  0.97820823
  0.98062954  0.9842615   0.98668281  0.98789346  0.98789346  0.98910412
  0.99152542  0.99394673  0.99394673  0.99757869  0.99757869  1.        ]
[ 0.          0.00149254  0.00447761  0.00447761  0.00746269  0.00895522
  0.01044776  0.01268657  0.01567164  0.02089552  0.03507463  0.03507463
  0.04552239  0.05522388  0.05746269  0.06865672  0.07686567  0.07910448
  0.08358209  0.09253731  0.09402985  0.09477612  0.10820896  0.10970149
  0.1141791   0.11641791  0.12835821  0.14104478  0.14253731  0.15373134
  0.15671642  0.16492537  0.17164179  0.18656716  0.18955224  0.19477612
  0.20149254  0.20820896  0.21343284  0.22686567  0.23208955  0.24701493
  0.24850746  0.25149254  0.25447761  0.2641791   0.27462687  0.27910448
  0.28059701  0.28134328  0.2880597   0.29179104  0.29626866  0.30223881
  0.31716418  0.31940299  0.33507463  0.34701493  0.36119403  0.37313433
  0.38507463  0.3858209   0.39552239  0.40746269  0.4119403   0.42164179
  0.43507463  0.4380597   0.44925373  0.46567164  0.47985075  0.49402985
  0.50895522  0.5119403   0.51492537  0.51940299  0.5238806   0.53880597
  0.54776119  0.54925373  0.5641791   0.57462687  0.58358209  0.58507463
  0.59328358  0.61119403  0.62089552  0.63283582  0.65223881  0.6619403
  0.66865672  0.67164179  0.68432836  0.69701493  0.7119403   0.71343284
  0.72164179  0.72910448  0.7358209   0.74253731  0.75671642  0.76641791
  0.77313433  0.77761194  0.78283582  0.79850746  0.80447761  0.81865672
  0.82313433  0.8261194   0.83507463  0.83955224  0.84328358  0.85223881
  0.86044776  0.87014925  0.87537313  0.87910448  0.87985075  0.88731343
  0.88955224  0.89477612  0.89701493  0.90149254  0.90597015  0.91940299
  0.91940299  0.92761194  0.93358209  0.93731343  0.9380597   0.93880597
  0.94701493  0.95447761  0.95820896  0.96268657  0.96343284  0.96791045
  0.96865672  0.9761194   0.97686567  0.98283582  0.98731343  0.99328358
  1.        ] [ 0.          0.          0.00451467  0.00677201  0.01354402  0.01354402
  0.01467269  0.01805869  0.02595937  0.04176072  0.06207675  0.06659142
  0.07562077  0.08577878  0.08916479  0.09706546  0.10722348  0.11060948
  0.11851016  0.12979684  0.13205418  0.13318284  0.15011287  0.16027088
  0.16930023  0.16930023  0.18171558  0.19638826  0.20090293  0.21444695
  0.22234763  0.24040632  0.25620767  0.28555305  0.29006772  0.29909707
  0.31038375  0.31602709  0.32054176  0.33182844  0.33521445  0.34311512
  0.34424379  0.34988713  0.35327314  0.36681716  0.39051919  0.39390519
  0.39616253  0.39616253  0.41534989  0.42663657  0.43340858  0.44130926
  0.45146727  0.45485327  0.47065463  0.47629797  0.48984199  0.50564334
  0.51580135  0.51580135  0.52257336  0.53950339  0.54514673  0.55191874
  0.56546275  0.56659142  0.58126411  0.58916479  0.6027088   0.61512415
  0.62866817  0.63769752  0.64221219  0.64672686  0.6489842   0.65688488
  0.67155756  0.6738149   0.68058691  0.7020316   0.70880361  0.70880361
  0.70880361  0.71783296  0.73137698  0.73589165  0.75056433  0.75959368
  0.76185102  0.76297968  0.77426637  0.78668172  0.79683973  0.79683973
  0.80022573  0.80586907  0.81151242  0.82167043  0.82957111  0.84085779
  0.84650113  0.84988713  0.85327314  0.86343115  0.86794582  0.8758465
  0.88036117  0.88261851  0.89277652  0.89503386  0.89841986  0.90857788
  0.91309255  0.91534989  0.91986456  0.9221219   0.92325056  0.93453725
  0.93679458  0.93905192  0.94018059  0.94130926  0.94356659  0.95598194
  0.95823928  0.96613995  0.96726862  0.96839729  0.96839729  0.96952596
  0.97742664  0.98194131  0.98194131  0.98306998  0.98871332  0.98984199
  0.98984199  0.99322799  0.99435666  0.996614    0.99774266  0.99774266
  1.        ]
[  0.00000000e+00   7.29927007e-04   2.91970803e-03   3.64963504e-03
   5.83941606e-03   8.02919708e-03   1.02189781e-02   1.97080292e-02
   2.26277372e-02   2.99270073e-02   3.13868613e-02   3.13868613e-02
   4.67153285e-02   4.96350365e-02   5.83941606e-02   6.42335766e-02
   7.37226277e-02   7.81021898e-02   7.95620438e-02   9.27007299e-02
   9.63503650e-02   9.92700730e-02   1.08029197e-01   1.14598540e-01
   1.24817518e-01   1.40875912e-01   1.51824818e-01   1.54744526e-01
   1.64963504e-01   1.67153285e-01   1.74452555e-01   1.81751825e-01
   1.89051095e-01   2.03649635e-01   2.15328467e-01   2.20437956e-01
   2.20437956e-01   2.31386861e-01   2.37956204e-01   2.48175182e-01
   2.64963504e-01   2.67153285e-01   2.78102190e-01   2.91970803e-01
   3.06569343e-01   3.19708029e-01   3.28467153e-01   3.47445255e-01
   3.66423358e-01   3.69343066e-01   3.86131387e-01   3.86861314e-01
   3.86861314e-01   3.92700730e-01   3.93430657e-01   3.95620438e-01
   4.09489051e-01   4.11678832e-01   4.21897810e-01   4.32846715e-01
   4.34306569e-01   4.36496350e-01   4.43065693e-01   4.56934307e-01
   4.58394161e-01   4.70802920e-01   4.73722628e-01   4.77372263e-01
   4.87591241e-01   4.95620438e-01   5.05839416e-01   5.24087591e-01
   5.35036496e-01   5.37226277e-01   5.38686131e-01   5.45255474e-01
   5.54744526e-01   5.58394161e-01   5.59124088e-01   5.64233577e-01
   5.67883212e-01   5.88321168e-01   6.08759124e-01   6.16788321e-01
   6.30656934e-01   6.39416058e-01   6.43065693e-01   6.52554745e-01
   6.66423358e-01   6.74452555e-01   6.85401460e-01   6.94160584e-01
   7.03649635e-01   7.11678832e-01   7.13138686e-01   7.20437956e-01
   7.33576642e-01   7.43065693e-01   7.46715328e-01   7.62043796e-01
   7.66423358e-01   7.81751825e-01   7.87591241e-01   7.89051095e-01
   7.91970803e-01   8.02189781e-01   8.16058394e-01   8.18978102e-01
   8.21897810e-01   8.25547445e-01   8.33576642e-01   8.35036496e-01
   8.35766423e-01   8.37226277e-01   8.40145985e-01   8.43795620e-01
   8.48175182e-01   8.63503650e-01   8.72992701e-01   8.89051095e-01
   8.92700730e-01   8.97080292e-01   9.01459854e-01   9.06569343e-01
   9.10948905e-01   9.11678832e-01   9.16058394e-01   9.22627737e-01
   9.32846715e-01   9.43065693e-01   9.51094891e-01   9.54744526e-01
   9.60583942e-01   9.68613139e-01   9.70072993e-01   9.74452555e-01
   9.81751825e-01   9.85401460e-01   9.87591241e-01   9.88321168e-01
   9.90510949e-01   9.95620438e-01   1.00000000e+00] [ 0.          0.          0.00233645  0.00700935  0.01051402  0.01168224
  0.02336449  0.03621495  0.04439252  0.05490654  0.05490654  0.05841121
  0.07943925  0.08060748  0.0864486   0.09228972  0.10280374  0.10981308
  0.11331776  0.12383178  0.13084112  0.13434579  0.1588785   0.16471963
  0.17523364  0.19626168  0.2114486   0.21845794  0.23598131  0.23831776
  0.25233645  0.26518692  0.27102804  0.2838785   0.30490654  0.31074766
  0.31191589  0.32943925  0.34579439  0.35397196  0.36915888  0.375
  0.3796729   0.39836449  0.4135514   0.42523364  0.43457944  0.44275701
  0.45560748  0.4661215   0.47780374  0.47780374  0.47897196  0.49182243
  0.5         0.50584112  0.51518692  0.51635514  0.52686916  0.53621495
  0.53971963  0.54205607  0.5478972   0.55607477  0.55607477  0.56308411
  0.56542056  0.56658879  0.57593458  0.59579439  0.60163551  0.61682243
  0.625       0.62616822  0.6296729   0.63785047  0.65654206  0.66588785
  0.66705607  0.67056075  0.67757009  0.69742991  0.7067757   0.71378505
  0.72313084  0.73247664  0.73598131  0.73948598  0.75        0.75584112
  0.76869159  0.78154206  0.79205607  0.79906542  0.80023364  0.80841121
  0.81892523  0.83294393  0.83528037  0.84345794  0.84696262  0.84929907
  0.85163551  0.85163551  0.85280374  0.86214953  0.87266355  0.875
  0.88317757  0.88668224  0.89252336  0.89485981  0.89485981  0.89485981
  0.89953271  0.90420561  0.90420561  0.92172897  0.92757009  0.93691589
  0.94275701  0.94509346  0.94859813  0.9521028   0.95327103  0.95443925
  0.95560748  0.96028037  0.9661215   0.97079439  0.98014019  0.98130841
  0.98714953  0.99065421  0.99299065  0.9953271   0.99766355  0.99766355
  1.          1.          1.          1.          1.        ]
[  0.00000000e+00   7.44601638e-04   1.48920328e-03   7.44601638e-03
   1.19136262e-02   1.34028295e-02   1.41474311e-02   1.56366344e-02
   1.56366344e-02   1.63812360e-02   2.45718541e-02   3.42516754e-02
   3.87192852e-02   4.09530901e-02   5.13775130e-02   5.36113179e-02
   5.80789278e-02   6.10573343e-02   6.18019360e-02   6.85033507e-02
   6.92479523e-02   7.66939687e-02   8.93521966e-02   1.02755026e-01
   1.10201042e-01   1.16157856e-01   1.24348474e-01   1.39985108e-01
   1.42218913e-01   1.51154133e-01   1.60833954e-01   1.69769173e-01
   1.75725987e-01   1.80938198e-01   1.92107223e-01   1.97319434e-01
   2.03276247e-01   2.07743857e-01   2.18168280e-01   2.33060313e-01
   2.45718541e-01   2.51675354e-01   2.65078183e-01   2.65822785e-01
   2.71779598e-01   2.74013403e-01   2.82948622e-01   2.88160834e-01
   2.88905436e-01   3.01563663e-01   3.05286672e-01   3.20178704e-01
   3.29858526e-01   3.32836932e-01   3.44005957e-01   3.56664185e-01
   3.67088608e-01   3.71556217e-01   3.77513031e-01   3.77513031e-01
   3.86448250e-01   3.94638868e-01   4.06552494e-01   4.09530901e-01
   4.19955324e-01   4.41548771e-01   4.41548771e-01   4.46016381e-01
   4.60163812e-01   4.69843634e-01   4.81757260e-01   4.88458675e-01
   4.89947878e-01   4.94415488e-01   4.97393894e-01   5.07073716e-01
   5.19731943e-01   5.27177960e-01   5.38346984e-01   5.45793001e-01
   5.55472822e-01   5.57706627e-01   5.76321668e-01   5.78555473e-01
   5.94192107e-01   5.96425912e-01   6.09084140e-01   6.22486969e-01
   6.32911392e-01   6.44080417e-01   6.47058824e-01   6.63440060e-01
   6.70141474e-01   6.82799702e-01   6.84288905e-01   6.88756515e-01
   6.94713328e-01   6.96947133e-01   6.97691735e-01   7.02903946e-01
   7.04393150e-01   7.10349963e-01   7.25986597e-01   7.34921817e-01
   7.47580045e-01   7.53536858e-01   7.69918094e-01   7.84810127e-01
   7.90022338e-01   8.00446761e-01   8.04169769e-01   8.12360387e-01
   8.14594192e-01   8.22040208e-01   8.29486225e-01   8.33209233e-01
   8.50335071e-01   8.51824274e-01   8.59270290e-01   8.65971705e-01
   8.68205510e-01   8.74162323e-01   8.87565153e-01   9.03201787e-01
   9.03201787e-01   9.06180194e-01   9.08413999e-01   9.13626210e-01
   9.17349218e-01   9.21816828e-01   9.35964259e-01   9.36708861e-01
   9.44154877e-01   9.44154877e-01   9.53834698e-01   9.56068503e-01
   9.56813105e-01   9.62025316e-01   9.65748325e-01   9.67237528e-01
   9.70960536e-01   9.78406552e-01   9.84363366e-01   9.87341772e-01
   9.90320179e-01   9.92553984e-01   9.95532390e-01   1.00000000e+00] [ 0.          0.          0.0011325   0.00566251  0.00792752  0.01245753
  0.01585504  0.01698754  0.02151755  0.02151755  0.03737259  0.04756512
  0.05209513  0.05549264  0.06002265  0.06002265  0.06908267  0.07021518
  0.07474519  0.0804077   0.08607022  0.09060023  0.10419026  0.11551529
  0.13250283  0.14382786  0.15175538  0.16647792  0.17100793  0.18346546
  0.18686297  0.19705549  0.21177803  0.21970555  0.24235561  0.25821065
  0.26727067  0.2808607   0.29784824  0.31143828  0.32276331  0.32729332
  0.33295583  0.33522084  0.33861835  0.34201586  0.35107588  0.36466591
  0.36919592  0.38052095  0.38844847  0.40203851  0.42015855  0.42242356
  0.43261608  0.44960362  0.46206116  0.46998867  0.47451869  0.47565119
  0.48697622  0.49603624  0.50849377  0.51189128  0.53001133  0.54360136
  0.54813137  0.54926387  0.5594564   0.56625142  0.57417894  0.58323896
  0.58550396  0.58663647  0.59003398  0.60475651  0.61381653  0.61947905
  0.63306908  0.6398641   0.64665912  0.64892412  0.66251416  0.66704417
  0.67723669  0.6783692   0.69309173  0.70894677  0.72480181  0.74518686
  0.74631937  0.7599094   0.76443941  0.77463194  0.77916195  0.78255946
  0.78822197  0.78935447  0.78935447  0.79388448  0.79728199  0.80747452
  0.81766704  0.82785957  0.83352208  0.8403171   0.85503964  0.85956965
  0.86296716  0.86636467  0.86976217  0.87768969  0.87768969  0.88221971
  0.88561721  0.89014723  0.89920725  0.89920725  0.90033975  0.90600227
  0.90713477  0.91053228  0.91732729  0.92751982  0.92865232  0.93204983
  0.93657984  0.93884485  0.94110985  0.94110985  0.9614949   0.96375991
  0.96375991  0.96489241  0.97508494  0.98074745  0.98187995  0.98640997
  0.98640997  0.98754247  0.98980747  0.99320498  0.99773499  0.99773499
  0.9988675   1.          1.          1.        ]
AUC of RandomForestClassifier: 0.578167763269
